# A309370 a(13) >= 185: Sidon set in {0,1}^13, integer componentwise addition.
# 185 vectors, one per line (bit position 0 first). no value recorded on OEIS for this n.
# Independently re-verified: all C(185,2)+185 pairwise sums distinct.
0100001000000
0100011000000
1001011000000
1110100010000
1100110010000
0010001010000
1010001010000
1010111110000
1001111110000
1111010001000
0001110001000
1101111001000
1000000101000
1110100101000
1010010101000
0001001011000
1100011011000
0011111011000
0111000111000
1001100111000
0000011111000
0101111111000
1010000000100
0111001000100
0111111000100
0111000100100
1011100100100
1111010100100
0100110100100
1011111100100
1110100010100
0001100010100
1110001010100
1011010110100
0100101110100
0101100001100
1010010001100
1101001001100
0000101001100
1010111001100
0011111001100
0000111101100
1000000011100
1011010111100
0110000000010
0101100000010
1010101000010
0110111000010
0111000100010
0011010100010
0110000010010
0100011010010
0011111010010
0000000110010
1111000110010
0111001110010
1101000001010
1010100001010
1011111001010
0010110101010
0100100011010
0011010011010
0110101011010
1101101011010
1111101011010
1001010111010
1110011111010
0001111111010
1110110000110
1011001000110
0001101000110
0010100100110
1000010100110
0000101100110
0011100010110
1101110010110
0110000110110
1101010110110
0101001110110
1001011110110
1001110001110
0101001001110
1100101001110
1100000101110
0110010101110
0110110011110
0001101011110
0100011011110
1011011011110
0011100111110
1010010111110
1111111111110
0001010000001
0101001000001
1011001100001
0011111100001
0001100010001
0010101010001
0111111010001
1000010110001
0110010110001
1111001110001
1010000001001
1101110001001
0110111001001
1101100101001
1000010101001
0010001101001
0100101101001
1100000011001
1011000011001
1000100011001
0000110011001
0011000111001
0111101111001
0010000000101
1011010000101
1000111000101
0000100100101
0001001100101
0010111100101
1110100010101
0000110010101
1101110010101
1111101010101
0110011010101
0111100110101
1011001110101
0100000001101
0111000001101
0011011001101
1110110101101
1010101101101
0111011101101
0111100011101
0000000111101
0001101111101
0001000000011
1111100000011
1001110000011
1100001000011
1010010100011
0101010100011
0100110100011
1000101100011
1110101100011
1110011100011
1001010010011
0111110010011
1010101010011
1001011010011
0100100110011
1111001101011
0000011101011
1101111101011
0111000011011
0001001011011
1000100111011
0011110111011
0000100000111
1010001100111
0010100010111
0100010010111
1101000110111
1100011110111
1100111110111
0110010001111
0011110001111
1011001001111
0111001001111
1101011001111
0001000101111
1110110101111
1101101101111
0111101101111
1010100011111
1110110011111
1001001011111
1000011011111
0010111011111
0101010111111
0011010111111
1100101111111
0100011111111
0010111111111
