# A309370 a(12) >= 133: Sidon set in {0,1}^12, integer componentwise addition.
# 133 vectors, one per line (bit position 0 first). no value recorded on OEIS for this n.
# Independently re-verified: all C(133,2)+133 pairwise sums distinct.
111001000000
110100100000
011111100000
111000010000
011110010000
001111010000
101101110000
011100001000
110001001000
000000101000
000100101000
110111101000
010001011000
011110111000
110001111000
100010000100
111110000100
011001000100
110111000100
011011100100
000110010100
000010110100
000011110100
101000001100
000010001100
101100101100
100110101100
110001101100
000111101100
100110011100
010111011100
011101111100
011100000010
100101000010
011111000010
111000100010
000010100010
100010100010
101101100010
000001010010
010111010010
010100110010
001000001010
001111001010
001010011010
111010011010
010101011010
100011011010
110000111010
000011111010
010000000110
001101000110
100111100110
101100010110
110011010110
111000110110
101010110110
010110110110
101111110110
111110001110
011010101110
000001101110
110100011110
100111011110
011101111110
010011111110
100000000001
000100000001
010110000001
001001000001
110011000001
011100010001
110011010001
111111010001
110011001001
101111001001
011111001001
010100101001
100011101001
100110011001
001110011001
001001011001
100000111001
100110111001
111110111001
011011111001
110100000101
001010000101
010111100101
101111100101
000001010101
010101010101
000100110101
111001110101
101101110101
000110001101
110000011101
010010011101
101001011101
101000111101
011101111101
111111111101
101010100011
000011100011
010011100011
110111100011
100100010011
101101010011
101111010011
011010110011
111001001011
111010101011
010110101011
000101101011
001011101011
100010011011
101001011011
110101111011
000000000111
111100100111
111000010111
010010110111
010101110111
100111110111
000100001111
110010001111
100101001111
011101001111
001011001111
010100101111
010011101111
011011011111
000111011111
