# A309370 a(19) >= 1435: Sidon set in {0,1}^19, integer componentwise addition.
# 1435 vectors, one per line (bit position 0 first). no value recorded on OEIS for this n.
# Independently re-verified: all C(1435,2)+1435 pairwise sums distinct.
0000111100000000000
0111101101000000000
0000000111000000000
0100100000100000000
0111011111100000000
0110000100010000000
1010010101010000000
0011011011010000000
0110010011110000000
0100001010001000000
0110111010101000000
0010100110101000000
0000001001101000000
0111110101101000000
1000100111101000000
1100011111011000000
1111011000111000000
0000000001111000000
0111100111111000000
1000100010000100000
1010011001000100000
0011001010100100000
1000101000010100000
1101000100010100000
0001000101010100000
0111011101010100000
1000000100110100000
1110011001110100000
1001111110001100000
0001111111001100000
0110011011101100000
0011000111101100000
0001010111101100000
1101110110011100000
0001111101011100000
0011000000111100000
0110010110111100000
0010100011111100000
1110110111111100000
0000001111111100000
1000000100000010000
1111000100000010000
1100001010000010000
1010110001000010000
1001011000100010000
1010101100100010000
0011110110100010000
1110110101100010000
0101111101100010000
0010111111100010000
0111111010010010000
0011110011010010000
1000101011010010000
0011011011010010000
0010111100110010000
0001010010110010000
0001101110110010000
0101010011110010000
0011000010001010000
1100001110001010000
1101100110101010000
0000000001101010000
1001011011101010000
0011100111101010000
1000110001011010000
0101011001011010000
0011110100111010000
0011101001111010000
0100001111111010000
1110011011000110000
1111010010100110000
0001101001100110000
1010111001100110000
0011101010010110000
0100011010010110000
1110010111010110000
0001010111010110000
0010110111010110000
0101010011110110000
0100100111110110000
0010001100001110000
0010011000101110000
0001111100101110000
1111001001101110000
0000000101101110000
0010100101101110000
0001110011101110000
0011101010011110000
0011001001011110000
0011010011011110000
1001101000111110000
1010101100111110000
0000011001111110000
1010000110000001000
1111000010100001000
0110100101100001000
0101000000010001000
1111101010010001000
1100111000110001000
0011101010110001000
0010100111110001000
0010110101101001000
0001100110011001000
1101101011011001000
0111000111011001000
1001001101111001000
0000010011111001000
0010010111111001000
0010110111111001000
1000010000000101000
1111111100000101000
0000101010000101000
0011010111000101000
0010101111000101000
0011000000100101000
0100101000100101000
0101111001100101000
0000000101100101000
1101110011100101000
1000110100010101000
1011010110010101000
1110100101010101000
0110101110110101000
0011110001110101000
0010101101110101000
0010110011110101000
1101101010001101000
1110011110001101000
0010110011001101000
0011011000101101000
0111100010101101000
0001010101101101000
1100000011101101000
1000110111101101000
0011001010011101000
0001110110011101000
1000101111011101000
0010110010111101000
1100000110111101000
1011100110111101000
0100111011111101000
1000101000100011000
0011111000100011000
0110011110100011000
1100110101100011000
0110011101010011000
1101101011010011000
0001001110110011000
1101010101110011000
0000101011110011000
0000010100001011000
0011011100001011000
0101100101001011000
1110010011001011000
1110100010101011000
0001000011101011000
1100000000011011000
1011101001011011000
0100000000111011000
0001011000111011000
1110110111111011000
1101001100000111000
1001100101000111000
0011001011000111000
0000110001100111000
0110000111100111000
0001101111100111000
0111010100010111000
1000011011110111000
0011100100001111000
0110010110001111000
0001100011001111000
1111100100101111000
0010001100011111000
0111000010011111000
0010100010011111000
0010110001011111000
1100001001011111000
0111011100111111000
1111000000000000100
1001111010000000100
0011111010000000100
0100000101000000100
0111011111000000100
1001000100100000100
0000100010100000100
0000101010010000100
0001111110110000100
0010011101110000100
0001100111110000100
0110111110001000100
1111000111101000100
0100100000011000100
0011101001011000100
1010111101011000100
0010111011011000100
1000111110111000100
1100011001111000100
0011010011111000100
1100010100000100100
1011010111000100100
0001011101100100100
0001101000010100100
1110101010010100100
1100111110010100100
1011000001010100100
0111010100110100100
1000010101110100100
0011010001001100100
0000111101001100100
0001011111001100100
0010011100011100100
0111101000111100100
0000001100111100100
0000110010111100100
0100011111111100100
0011010011100010100
0010011100010010100
1111100110010010100
0001011011010010100
0000001111010010100
0101110010110010100
0010111010110010100
1111000001110010100
1000100110001010100
1001001101001010100
0000110110101010100
0001100101101010100
1010101011101010100
0111101011101010100
1001101000011010100
0111110111011010100
1001110100111010100
0000011100111010100
0001010010111010100
1110000110111010100
0011011110111010100
0101101100000110100
1000100010100110100
0011101010100110100
0101011010100110100
1011011010100110100
0010101100010110100
1000000010010110100
0010100001010110100
0000111011010110100
0001000111010110100
0001010000110110100
1000111100110110100
1000101001110110100
0101100000001110100
0001110101001110100
0111011001101110100
0100001101101110100
0000100011101110100
1010100011101110100
0111010000011110100
0001111000011110100
0001100110011110100
1011110110011110100
0110100111011110100
0101011101111110100
0000000011111110100
0011110111111110100
1011011111111110100
0011110100000001100
0011001100000001100
1101010110000001100
1110100101100001100
0001101101100001100
1100001100010001100
1100011011010001100
1011110010110001100
1111000011110001100
0011011011110001100
0110001111110001100
0010010000001001100
0011110110001001100
0011111001001001100
0011101101001001100
0001011100101001100
0011100010101001100
1011011001101001100
0000101011101001100
1010011110011001100
0101110001011001100
1100001000111001100
0110011000111001100
0001110100111001100
0011000111111001100
0011011101000101100
0011111001100101100
1011001011100101100
0110010000010101100
0101011010010101100
1101001001010101100
0011100000110101100
0010110100110101100
0001100001110101100
1101100101110101100
0101110101110101100
0001100000001101100
0111001100001101100
1101111110001101100
1111010111001101100
0101101000101101100
1000101101101101100
0010010011101101100
0100100001111101100
0000010101111101100
1101111000000011100
0000110111000011100
1100111111000011100
1010101000100011100
1011010100100011100
0011100110100011100
1110110100010011100
1001000001010011100
0100010101010011100
0011000100110011100
0001110010110011100
0010001010110011100
0000110011110011100
0100100111110011100
0001010110001011100
0011011001001011100
0100111101001011100
0010101000101011100
0101100100011011100
0010000111011011100
0001001010111011100
0010011001111011100
0001110011000111100
0010101011000111100
0001011100100111100
1100100110100111100
1011001100010111100
0001101010010111100
0000011010010111100
1010011001010111100
0110111010110111100
1000010110110111100
1011110000001111100
0110011000001111100
0011010100001111100
1000010010001111100
0100101010001111100
0011010111001111100
1101010001101111100
0001001001101111100
0000011001101111100
0011100111101111100
0000101110011111100
0111000001011111100
1101101001011111100
0110111111111111100
1010100001000000010
1101101111100000010
1001000010010000010
0010111110010000010
1011111110010000010
0000100111010000010
1100110001110000010
0010110001110000010
0000101111110000010
1111011000001000010
0111011110001000010
0100111010101000010
0011000110101000010
0010111011101000010
1110111100011000010
1100001110011000010
0111100011011000010
0011001111011000010
0100001100100100010
1101011010100100010
1000001110100100010
1101001101100100010
0111001011100100010
0101000001110100010
1111100001110100010
0001110001110100010
0110110000001100010
0001000110001100010
1101010001001100010
1110111111001100010
0001101001101100010
0111100000011100010
0001100111011100010
0010010000111100010
0100110010111100010
0010100110111100010
0011101011111100010
1100100000000010010
0011110100000010010
0010001010000010010
0010000101000010010
0010000111000010010
1100001000100010010
0001011110100010010
1101110100110010010
0000110110110010010
1001001000001010010
0101010001001010010
0010011010101010010
0000101000011010010
0100101110011010010
0010010011011010010
0001110011011010010
0000101110111010010
0001110001111010010
0110110011111010010
0000011110000110010
1011100111000110010
1111100000100110010
0010001110100110010
0011001101100110010
0111010111100110010
0001111000010110010
0101011001010110010
0110110000110110010
1000001000110110010
0011011010110110010
0011111110110110010
1101000011110110010
0011100100001110010
0101101100001110010
1001001110001110010
1000011101001110010
0001111011001110010
0001011000101110010
0000011110101110010
0010110001101110010
0010001011011110010
0000111111011110010
0000010100111110010
0001111110111110010
0011110001111110010
1100100100000001010
0000101000100001010
1010111010100001010
0011111000010001010
0010000101010001010
0011001000110001010
1001100011110001010
1111000000001001010
0001011110001001010
0000110001001001010
1011110101001001010
0000101101001001010
0001010000101001010
0110110100101001010
1100011001101001010
0001000111101001010
1001000111101001010
1011010010011001010
0000111110011001010
0010101001011001010
0110101001011001010
0010001101011001010
1011001000111001010
1101001010111001010
0111101110111001010
0101111000000101010
0101001101000101010
0001110011100101010
0011010010010101010
0001100101010101010
0000111100110101010
1100111100110101010
0011000101110101010
1010101101110101010
0000011101110101010
1111011011110101010
0110000001001101010
0010001011001101010
0001101110101101010
0010110111101101010
0001100110011101010
0111010101011101010
0001001011011101010
1001011000111101010
0101000010111101010
1110001110111101010
1100011101111101010
0011111100000011010
0111000010000011010
0010111000100011010
0011000110100011010
0111000101100011010
0011101011100011010
0000011001010011010
0011011111010011010
0110110100110011010
1010100110110011010
0011011010001011010
1011001110001011010
0111101001001011010
0011100101001011010
0010001011001011010
0000110110101011010
0010010011101011010
0000100110011011010
0101000001011011010
0100011001011011010
1101110011011011010
0000101010111011010
1010000001111011010
0100010011111011010
1100100111111011010
0001110100000111010
1101110001000111010
0010011001000111010
0110110011000111010
0101010100100111010
1100011010100111010
1000001101100111010
0111110010010111010
0001101010010111010
1110111010110111010
1010101001110111010
0110010111110111010
1111111010001111010
0100100110001111010
0001001000101111010
1000100011101111010
0001111011101111010
0011101100011111010
0001001010011111010
1000111010011111010
1010100101011111010
1010011011011111010
0010000001111111010
1001010101111111010
1100111000000000110
1110000011000000110
0010101111000000110
0010100000100000110
0001100110100000110
0011111100010000110
0100110110010000110
0001100111010000110
0111100100110000110
0010101100110000110
0101010110110000110
1000001000001000110
1111101000001000110
1111110001001000110
0010011100101000110
0011001001101000110
0000101001101000110
1100001101101000110
0101010011101000110
1100010100011000110
1111010010011000110
0001001110011000110
1100100011111000110
0000111101000100110
0010111101000100110
0000011111000100110
1010111001100100110
1110010101100100110
0110001110010100110
0100010101010100110
0100101011010100110
1011001111010100110
0010010001110100110
0011001011110100110
0001110001001100110
0010010101001100110
0100110100101100110
0010100010101100110
0000001010101100110
0110100101101100110
0011000000011100110
0001001011011100110
0000110111011100110
0010011100111100110
1111011110111100110
0001101110000010110
1100110011000010110
0001110100100010110
1011110011100010110
0010101011100010110
1001101011100010110
0001000101010010110
1010011000110010110
1011000110110010110
0010010110110010110
0010000101110010110
1101101101110010110
0101110010001010110
1110100110001010110
1110110001001010110
0001101001001010110
0010100100101010110
0100011100101010110
0000011110101010110
0111111111101010110
1010011100011010110
0101011110011010110
0000101001011010110
0010001101011010110
0000000011111010110
1111111011111010110
0011001110000110110
0011111101000110110
0110110000100110110
0010010010100110110
0001001110100110110
0011010100010110110
0001101001010110110
1000010111010110110
0110111111010110110
0000111101110110110
1111110011110110110
0001110100001110110
0010100110001110110
0001100001101110110
0010010011101110110
0000000110011110110
1111010110011110110
1001010001011110110
1100100111011110110
0001011101111110110
0111011100000001110
0110000101000001110
1001000111000001110
1001011000100001110
1000001010100001110
1101110100010001110
1000000001010001110
0001010011010001110
0010110111010001110
1001101111010001110
0000100000110001110
0101101000110001110
0010100010110001110
0011100100001001110
1010101110001001110
0100110011001001110
0010101000101001110
0011111000101001110
0101111100101001110
0101001001101001110
0000000010011001110
1101111111011001110
0000011000111001110
1111111000111001110
0001101100111001110
0011011100111001110
1011001101111001110
0100000010000101110
0010010110000101110
0110011011000101110
0000011111000101110
1101101100100101110
0011110110100101110
0011000001010101110
1001101101010101110
0010001000110101110
0111110010110101110
0011101111110101110
1110110101001101110
1101101101001101110
0000010010101101110
0000100110101101110
0010110000011101110
0001011000011101110
0010001110011101110
0001110101011101110
1011101011011101110
0001000100111101110
1101110010111101110
0100010111111101110
0001101000000011110
0011011010000011110
0011100001000011110
0011110001000011110
0011100000100011110
0110011000100011110
1001101010010011110
0100011010010011110
0001100001010011110
0100101001010011110
0010001101010011110
0001110011010011110
1011010111010011110
1100011100110011110
0001001100001011110
1101001101001011110
0000011101001011110
0001011101001011110
0110001010011011110
0000101011011011110
0100010001111011110
0101000101111011110
1011110111111011110
0000100110000111110
0100001110000111110
0000100101000111110
1000110000010111110
1110000000110111110
0111000000110111110
0101011110110111110
0110100001110111110
1110100011110111110
1100000001001111110
0101111110101111110
1000111101101111110
0111111000011111110
0010110100011111110
0010101010111111110
1000011000100000001
0101110001100000001
1110011111100000001
0111010111010000001
0011110111010000001
0110000000110000001
0011100100110000001
1011110110110000001
0000000001110000001
0001111101110000001
0101111011110000001
0000011111110000001
0101001000001000001
1111110001001000001
1001010011001000001
0011101001101000001
1010101101011000001
0010101100111000001
0001001010111000001
0101111110111000001
1000111011111000001
0010011111111000001
0001010000000100001
0000100101000100001
1010100000100100001
1001111011100100001
0001111111100100001
1100110011010100001
0001010111010100001
0011001111010100001
0111101111010100001
0001001110110100001
1100101100001100001
0010111010001100001
1100001001001100001
0010101111001100001
0000100111101100001
0101101010011100001
0001001101011100001
1010010101111100001
0101011000000010001
0111001100000010001
1100101100100010001
1011111100100010001
1101011001100010001
0010111011100010001
1000011010010010001
0000010110010010001
1111010110010010001
0011111001010010001
1111101111010010001
0001010110110010001
0010110100001010001
0011100110001010001
0110000000101010001
0010110010101010001
0001111100011010001
0011001110011010001
0010000101011010001
0000100111011010001
0011110111011010001
0001111000111010001
0111000100111010001
0100000110111010001
0001110001111010001
0111001001111010001
0000010111111010001
0001111100000110001
0111110001000110001
0001101011000110001
0011000001100110001
0000011101100110001
0001011010010110001
0011110000110110001
0010101110110110001
1110100101110110001
1000110101110110001
1111101111110110001
1111000100001110001
0110011100101110001
1110000010101110001
0100111101101110001
0110100010011110001
0101010110011110001
1000010001011110001
1111010000111110001
0000110100111110001
1010011101111110001
1011100011111110001
1101111110000001001
1000011101100001001
1011111101100001001
0011001011100001001
0000111011100001001
0011100111100001001
1100110000010001001
0010001000010001001
0000111011010001001
1010000111010001001
1110110010110001001
0001010101110001001
0011101100001001001
0010100110001001001
0011011001001001001
1011010101001001001
0110010111001001001
0000110000101001001
0010000100101001001
1010001110101001001
0100101110101001001
0011001101101001001
0101101011101001001
0101001110011001001
0010011110011001001
0011000001011001001
1111101111011001001
0001101010000101001
0011111010000101001
0000110110000101001
0011100101000101001
0011110100100101001
1011101100100101001
0101100001100101001
1100000101100101001
0000101101100101001
1001010001010101001
0011011000110101001
0001101001110101001
0011110100001101001
0100101101001101001
1001111000011101001
0000011100011101001
1011110010011101001
1111000001011101001
0000111001011101001
1110011101011101001
0011010010111101001
0101110110111101001
0001011101111101001
1001101111111101001
0111111000000011001
1101011010000011001
0010001110000011001
0100000111100011001
0001111000010011001
0111100100010011001
1000010111010011001
0000101101110011001
0111110111110011001
0001111000001011001
0010010011001011001
1001011100101011001
0000001101101011001
0111110011101011001
0000101000011011001
0000110101011011001
1000101000111011001
0111111101111011001
0000000011111011001
0110010000000111001
1000010100000111001
0010001010000111001
1110101001000111001
0010001111000111001
0000111010010111001
0110100001010111001
0001000101010111001
0100001001110111001
0010101111110111001
0010011111110111001
0000000011001111001
0011101011001111001
1001010010101111001
1101011110101111001
1111001011101111001
0010000111101111001
0011100100011111001
0000010001011111001
1101111011011111001
0000000111011111001
0100000100111111001
1101101100111111001
1100110001111111001
1110100100000000101
0010110010000000101
0100011001000000101
0000010111000000101
0000101111000000101
0010001101100000101
1100001101010000101
0011001101010000101
0111010011010000101
0100101111010000101
0010101111010000101
0110110100001000101
0100111110001000101
0101000101001000101
0001101100101000101
0011110010101000101
0000010110101000101
1110110110101000101
1001110001101000101
1001110000011000101
1110011000011000101
0110000001011000101
1011100101011000101
0011010101011000101
0110001010111000101
0101000011111000101
1111111000000100101
0110101001100100101
0010100011100100101
0010110111100100101
0011100100010100101
0100111001010100101
0110010001110100101
0000011001110100101
0000101011110100101
1010001100001100101
0110101010001100101
0100010011001100101
1110110000101100101
0011000101101100101
0101000011101100101
0010100100011100101
0000111100011100101
0000110010011100101
0101011110011100101
0001010000111100101
1001101010111100101
1110011010111100101
0001101111111100101
0000100110000010101
1010011110000010101
0110110011000010101
1111110111000010101
0011011111000010101
0101110001100010101
0011100001010010101
1101000010110010101
0011001010110010101
1000100101110010101
0010010101110010101
1001101110001010101
1100001101101010101
0110101101101010101
0000111000011010101
0101111101011010101
0001001100111010101
1001110111111010101
1010000100000110101
0110001101000110101
0101100011000110101
1100110011000110101
1011110011000110101
1101010101100110101
0001010011100110101
0001110010110110101
1110001110110110101
0001001001110110101
1011010000001110101
1110100010001110101
0101000110001110101
1010111110001110101
0010110001001110101
1101001001001110101
1101000011001110101
0001000100011110101
0100101000111110101
0010110010111110101
0000000110111110101
1000011010000001101
0010110101000001101
0001010100100001101
1001010010100001101
1111101001100001101
0000011101010001101
1010010111010001101
0001110000110001101
0000111000110001101
1000111001001001101
0001100111001001101
0011110100101001101
1101010111101001101
0001011000011001101
0101001001011001101
0000101011011001101
0010100001111001101
1000100011111001101
1110100100000101101
1100001110000101101
0001001110000101101
1000000001000101101
1010101011000101101
0110101111000101101
0011001100100101101
0010010010100101101
0000101110100101101
0001011110010101101
1101110010110101101
0010010000001101101
0000001000101101101
1011000100101101101
1010111100101101101
0000101010101101101
1110101110101101101
0001110011101101101
0010011011101101101
0000000111101101101
1100100000011101101
0111101111011101101
0011000000111101101
1110101000111101101
1010000111111101101
0111010101000011101
0001100011000011101
1100000000100011101
1111001100100011101
0010011010100011101
1101010000010011101
0001000110010011101
0100111111010011101
0101101100110011101
1011001010110011101
1011000001110011101
1000111111110011101
0110111111110011101
0110100001001011101
0011000000101011101
0101100000101011101
0010101010101011101
0110000001101011101
1110011100011011101
1010100100111011101
0011000101111011101
1010101000000111101
0110000100100111101
0001000110100111101
0000110000010111101
0111100100010111101
1000100010010111101
0000001001010111101
0000010010110111101
0001011110110111101
0101110001110111101
0010001000001111101
1110011011001111101
0010000001101111101
0101110101101111101
1000010100011111101
1000111100011111101
0011111001011111101
0110011101011111101
0010001011011111101
1101100111011111101
1001001101111111101
0110110011111111101
1011011011111111101
1000000010000000011
0011110011000000011
0000100100010000011
1010111110010000011
0001110001010000011
1110101011010000011
0101101011010000011
1100100000110000011
0001110101110000011
0011011011001000011
1101100000101000011
1001110110101000011
1001011101101000011
0001011010011000011
1111111101011000011
1100010011011000011
1010110000111000011
1011000110111000011
0011001001111000011
0001000101111000011
0100010101111000011
0101000000000100011
1110000100000100011
1110011010000100011
0101001011000100011
0010100000100100011
0011010010100100011
0001010110100100011
1000110110100100011
0001101011100100011
0101100010010100011
0010010011010100011
1111010011010100011
0010110100110100011
1111101100110100011
1000100001110100011
0111001111110100011
0111101000001100011
0101011100001100011
1100011110001100011
0011000011001100011
1011111000101100011
1010001001011100011
0011000101011100011
0000000011011100011
0010000110111100011
0111111110111100011
0101101001111100011
1001101000000010011
0100000010000010011
0110001010000010011
1011000011000010011
0000111011000010011
0110101111000010011
1110010100100010011
0000001101100010011
0111000101010010011
1101001101010010011
0001000111010010011
0001111100110010011
1000100100001010011
0010010101001010011
0000011101001010011
0011011101001010011
1111001101101010011
0111011011101010011
0100000111101010011
0001000111101010011
0010110111101010011
1000101100011010011
0010001000111010011
0011000110111010011
1001101011111010011
0010111010000110011
0001101101000110011
0001101011000110011
0011100010100110011
0001011001100110011
0101100111100110011
1010101111100110011
0011000000010110011
1010111000010110011
0001001100110110011
0101000010110110011
0000110010001110011
1111001010001110011
1011100101101110011
1010110001011110011
0100100101011110011
0000100010111110011
1001101110111110011
1101110001111110011
0010001011111110011
0111110111111110011
1111111000000001011
0100101010000001011
0110011110000001011
0110101100100001011
0100010010100001011
0000010011100001011
1111100111100001011
1100000110010001011
1010001001010001011
0010111101010001011
0110000111010001011
0111010000110001011
0001011111110001011
0101010011001001011
0001111111001001011
0000011101101001011
0011100000011001011
0010010100011001011
0110100011011001011
0001100011011001011
0101001000111001011
0010000100111001011
0000010110111001011
1101011001111001011
0000100011111001011
0011110111111001011
0001101011000101011
0001010111000101011
1001100001100101011
0010110101100101011
1101100011100101011
0000100111100101011
0010111111100101011
1101100000010101011
0011010010010101011
0000011010010101011
1011110100110101011
0011011100110101011
1011000110110101011
1010011011110101011
0010001010101101011
0000100001101101011
0001010001101101011
0110111011101101011
0000011000011101011
0010000100011101011
0000100010011101011
1000101110011101011
0000011001011101011
0110000111011101011
0010101100111101011
0000110111000011011
0001110100100011011
1110111101100011011
1010010011100011011
0010100110010011011
1110010001010011011
0011000011010011011
1011111011010011011
0011010000110011011
1001000100110011011
1111101111110011011
0011000000001011011
0000101000001011011
1100111000001011011
0001000010001011011
0110010001001011011
1010000101001011011
1010110101001011011
1011100000101011011
0000101000101011011
0011000001101011011
1010111100011011011
0011011010111011011
0001100101111011011
0111100011111011011
0110001001000111011
0010001101000111011
1010011011000111011
1001100111000111011
0010000110100111011
0000011001100111011
0010000011100111011
1001001110010111011
0010001001010111011
0001001001010111011
1111110101010111011
0001100100110111011
0101100011110111011
0100010100001111011
0001110010001111011
0001000000101111011
0000001010101111011
1010011110101111011
1010000100011111011
0100010100111111011
0100011010111111011
1111011101111111011
1110101100000000111
0001011001000000111
1011101101000000111
0000011101000000111
0011011000100000111
0011001010100000111
0111000110100000111
0110111001100000111
0110000011100000111
1011110001010000111
0010110101010000111
1101001000110000111
0011010110110000111
0010001001110000111
0011110111110000111
0010110010001000111
0000110101001000111
0001110011001000111
1000011111001000111
0011000010101000111
1100101010101000111
0001111010101000111
0110100001101000111
0000000010011000111
0001100010011000111
0000011110011000111
0010110011011000111
0010010010111000111
1110100101111000111
0001000100000100111
0110011100000100111
0101110001000100111
0001000011000100111
0001011011000100111
0010101000100100111
1110000001100100111
0000000101100100111
0110001000010100111
0111011010010100111
0001100011010100111
0000001110110100111
0101000001110100111
0101101101001100111
0000110000101100111
1001000110101100111
0010001101101100111
1110110111101100111
1100100100011100111
0111111100011100111
0001101010011100111
0011101001011100111
0001111000111100111
1000000011111100111
0101101000100010111
1001111110100010111
1110110000010010111
0100010010010010111
0010101100110010111
1011011100110010111
0101011101110010111
1001100010001010111
0010011010001010111
0100110001001010111
0011000011001010111
0011001000101010111
0000011100101010111
0011100011101010111
0001110100011010111
1011000110011010111
0001010000111010111
1111100010111010111
0000100110111010111
0100110110111010111
1111110101111010111
1010101101111010111
0010010001000110111
0000000111000110111
1000000000100110111
0010100111100110111
0011001001010110111
0011111011010110111
1000000111010110111
1011111001110110111
0100000101001110111
1101111101001110111
0000001011001110111
1101010000101110111
1011111100101110111
0100101110101110111
0001100000011110111
0010111111111110111
1000111011000001111
0101100111000001111
1001110000100001111
0100110100100001111
0101100010100001111
0001010010010001111
1100110010010001111
0010001011010001111
0011000100110001111
0000011110110001111
0110111110110001111
1101010100001001111
0001111110001001111
1110010111001001111
0010010010101001111
0101010001011001111
1111001001011001111
0000000001111001111
0010111001111001111
1100101011111001111
0000111000000101111
0111000100000101111
0010100010100101111
0100001010100101111
1011100100010101111
0010010010010101111
0011100001010101111
0010111011110101111
1111110010001101111
1001010110001101111
0011011010101101111
1111111110101101111
1010001001101101111
0001001101101101111
1100001010111101111
1011010011111101111
1011111111111101111
1100001001000011111
0010101001000011111
1010000111000011111
0001101100100011111
0111011101100011111
0011001111100011111
1011101111100011111
0011110100010011111
0001000101010011111
1001010101010011111
1000010000110011111
0000100001110011111
0100001011110011111
1111000000001011111
0010110000001011111
0000010111101011111
0100001110011011111
0010011001011011111
0000000010111011111
1111010110000111111
0000111110000111111
1100111100100111111
0111101001100111111
1111011101100111111
0001010011100111111
0010000000010111111
1111000110010111111
0000000100110111111
1100010101110111111
1110001111110111111
0011010100001111111
0110110110001111111
1111000101001111111
0110100111001111111
0000110001101111111
0010100011101111111
1001010111101111111
1110111110011111111
0001010111011111111
1100011111011111111
0101111111011111111
1101101100111111111
0101110110111111111
0111001011111111111
