# A309370 a(11) >= 92: Sidon set in {0,1}^11, integer componentwise addition.
# 92 vectors, one per line (bit position 0 first). no value recorded on OEIS for this n.
# Independently re-verified: all C(92,2)+92 pairwise sums distinct.
11100000000
00000100000
10101100000
11111100000
01101010000
10011010000
10010110000
00111110000
01110001000
00011101000
01100111000
01101111000
11000000100
10101000100
11100010100
01010110100
11110110100
11001001100
11110101100
00111101100
00100011100
10011011100
10111011100
11010111100
00001111100
01000100010
10010100010
00010010010
10010010010
00100110010
10100001010
11101001010
11011001010
01010101010
00101101010
00101000110
10001010110
11001010110
01111010110
11101110110
10110001110
01010101110
10001101110
01101101110
00100011110
01111011110
00011000001
00001100001
11001100001
00000010001
11110001001
11011001001
10101101001
01110011001
11101011001
00111011001
10011111001
01110000101
01101000101
01000100101
00100100101
01010100101
01000001101
10010011101
00001011101
10010111101
11001111101
10100000011
00110000011
11111100011
10111010011
01110110011
01001110011
00011110011
00011001011
01111001011
11110101011
01000011011
11001011011
00111000111
11100100111
10010100111
01011100111
10111100111
10111110111
11000001111
10100101111
00001101111
10000011111
01011011111
01100111111
10101111111
